1 1 0 005d9a49-83a6-4830-b67a-5c9b7d8c9a01 1
1 2 0 446ebf73-bef5-4d93-b667-1fca21785ba0 2
1 1 1 c6db72ca-ca55-4299-a207-0274152b7724 3
1 1 2 0f11da66-c48b-45e8-a90d-0d233b940532 4
1 1 3 829fbc3c-7e39-48a9-9421-341a17734919 5
1 2 1 8ea35e65-ef80-4e75-b8c8-5518f751b712 6
1 2 2 3a4e3b21-1394-4121-8d88-b12a82087ea5 7
1 2 3 a4b0021f-2ef0-4662-9cdb-07d4e002daeb 8
2 1 0 c33109a8-bb58-425a-bbea-ecf31f2a372f 9
2 2 0 48751b8b-cbc4-4a26-88dc-d1070088367b 10
2 3 0 b6d3a9e9-867a-4fc2-929b-440b1fce800d 11
2 4 0 07a1aae2-e438-4a65-a286-f9ed666ad30e 12
2 5 0 0bb5ba2d-0335-4bbf-b178-5216c02816c6 13
2 6 0 5cc237e7-9274-4115-af12-18fafeb6fdf3 14
2 7 0 e982a5f3-25d0-405b-a4a3-27b6d13eab26 15
2 8 0 cc96462e-5465-4224-8041-34cab95f0002 16
2 9 0 51500c4a-1573-4022-8485-50dfa1dc7fca 17
2 10 0 37272566-a612-47e2-b04c-4ba3fcb5b5ad 18
2 4 1 570892e8-32fc-4089-8669-5442e1453986 19
2 4 2 fbfcec4a-748d-4120-b433-426bd6c16437 20
2 6 1 6e294fad-9c18-4d28-8218-b0d93f64a49e 21
2 6 2 64f6e9e5-8087-4a3b-8239-6168f75f5152 22
3 1 0 dc7d17fb-8d25-4024-b850-32c25f4661c5 23
3 2 0 1b04a119-a170-46c7-bdf6-8738829a5700 24
3 3 0 736b6cc3-daa5-4afd-8e4a-9f50e5952299 25
3 4 0 eae286dc-966e-4a7b-9480-70effc64fc05 26
3 5 0 e1e553bc-f491-4100-a917-80dba1db1c53 27
3 6 0 d0dd6d3f-b056-43f5-814f-d394f451bbff 28
3 7 0 a217643e-1c44-40c0-ac57-5739c3881400 29
3 8 0 35fe1f59-35fa-4760-9e6b-6a33f52c2173 30
3 9 0 0d3f6776-e00c-4a7f-b541-80622896d904 31
3 10 0 4eabf919-374e-43bc-b2fa-6ea1a8fa7cd7 32
3 11 0 cd0c3f4d-d595-4512-977e-f51a3cc72a98 33
3 10 1 3c7bb99e-fbeb-4a23-8155-42dd4856ef1e 34
3 11 1 e0aa29fd-ed88-483a-a37d-918cedf32880 35
4 1 0 13bf6d0b-25b4-40eb-9d4e-1d493b942a09 36
4 2 0 ab928e57-38fe-4744-96d6-dd37e702ae96 37
4 3 0 00801c38-a99f-4bd0-968a-4b92398c0ba5 38
4 4 0 0c496f1c-c9b7-43a9-bf75-2adc63b5ed6f 39
4 5 0 ad2ab1d3-a526-428e-9c7b-7202d8d845ee 40
4 6 0 591c007a-2a0c-425e-87ac-159c6f9ab833 41
4 7 0 5f400efb-4480-4486-82ff-30031cccef19 42
4 8 0 96af65c5-7fff-44e4-b9af-e76ead1ffb02 43
4 9 0 1081b4d7-54b0-4bca-a55d-b50cbdf2af4a 44
4 10 0 d5e87caa-8790-4151-85ec-8ce26570a64e 45
4 11 0 65c5a559-c5f2-4a09-8841-e085a86ff38b 46
4 12 0 e746c7bc-bb70-4fe3-98f8-c0db202cd72f 47
4 13 0 18d2ed41-ad48-4339-8a01-052d87e4b3a8 48
4 14 0 53b0ae6e-e321-445e-87a4-6a567d6f36d2 49
4 15 0 5be354b0-2ce0-4622-868a-82c8d517831d 50
4 16 0 4c46de93-0e71-40aa-b7aa-9217ca916d29 51
4 17 0 67013621-2470-46d8-9686-3ce766cd4c8e 52
4 18 0 b8ad4d50-7c9f-4fed-bd98-45bc7ca2d646 53
4 19 0 2f2bfa57-7625-4520-b12d-87a3287d473f 54
4 20 0 68aa4b7e-8902-414c-9903-3d85f911265f 55
4 21 0 06c617d8-3779-4d98-ac36-034206d84808 56
4 22 0 dee0e316-7be3-4b4d-8f0b-f7fdd6bd8f7b 57
4 23 0 a0e12918-d561-4ac3-9fae-92d36396cf79 58
4 24 0 3386604a-3ad6-4e5a-83d9-bc0e9cd2ef12 59
4 25 0 93e1164c-6208-467d-9164-1bf25a245cc5 60
4 26 0 5085f9c6-f0f5-4da4-b932-455318b8f0bd 61
4 27 0 05fd2ab6-ebfd-46ab-a17e-e72fc3e6f3b6 62
4 28 0 1c7a6168-f4cf-4278-a0ab-12dafaba8738 63
4 29 0 2e1b2a4d-1782-4d40-83ad-ac9e5ca5c248 64
4 30 0 64db1a11-9b70-4cec-92f0-cb9d502a47b3 65
4 31 0 70ac4279-669d-48aa-8585-e3670c748cf4 66
4 32 0 f768c6df-3b1d-485b-8689-a55f95516332 67
4 33 0 3a17ff7e-06d1-494f-9c30-3de91977cb27 68
4 34 0 56228b4c-88f5-4ac1-a39f-9e9ffd653c82 69
4 35 0 77191d05-2e07-4d3c-8f2e-6b37c51b5a9d 70
4 36 0 9b2fa1ae-4bd0-43b6-b5b4-cfdeebb1f5cf 71
4 37 0 a863ca05-0c97-4ed3-bd58-b718049111e1 72
4 38 0 139fd3fb-91a6-4d67-9d8e-a4ba017f96f5 73
4 39 0 3468de17-a0d8-4109-b6f4-002a021167e6 74
4 40 0 d87dcce2-2ca7-447e-890a-d14cc35c20d5 75
4 41 0 2d20ac10-303d-434f-9cc3-5b7aef7827b7 76
4 42 0 c9c484fe-7189-40cc-b7f4-f5e5e657c4b8 77
4 3 1 a639db68-88ab-4a21-99db-8ea1a41644a1 78
4 5 1 e0a84f1f-2e42-402d-b840-131b5cbf7681 79
4 7 1 f9de3098-1a22-42ab-970a-62ce4f38fb4a 80
4 14 1 78977a11-7cdb-43b3-b72d-dcd1e3aac3bb 81
4 14 2 76de5394-a0d4-4c1d-ab09-d7181a14e769 82
4 14 3 2bb2cd46-f25e-412a-94d7-62af2ffeb68e 83
4 14 4 3ebb58df-cf7f-4abc-91bf-a2bb89211af8 84
4 14 5 a3dac782-a2d9-4698-af9a-980c86d2b54f 85
4 16 1 eae0f81f-8fd6-45ea-bdd1-a6f0905e25c4 86
4 16 2 671e5242-4528-42e3-9934-0b83b5cd78ba 87
4 16 3 62fc1c86-6fbb-4b39-a87e-8496d989409b 88
4 16 4 ce54955a-5020-4fbe-bfdf-0e26efa9a9cc 89
4 16 5 d0bc8949-cfd6-437e-8dd7-f955b1945748 90
4 18 1 90c666e5-706d-4fa4-9079-a9797e628a4f 91
4 18 2 22adc4e3-5cec-4609-84dd-426e7bd909c0 92
4 18 3 58c28c4a-5f43-46b3-92c2-e0415355232c 93
4 18 4 4aa86ad0-6422-4ffe-8980-b5868a4c473e 94
4 18 5 06a21a54-28d3-43da-ac38-e5e4f651551a 95
4 20 1 183fd519-27f2-4c9c-ae77-2e1532d8069b 96
4 20 2 a130a821-c40a-490a-8674-865035b9cfdc 97
4 20 3 92cadecc-df43-455d-803f-eac1c4698c0b 98
4 20 4 183547b2-bbf9-4d01-be7c-108df7a054af 99
4 20 5 968e7c49-0753-4e59-85bd-af69b2063a0f 100
4 22 1 b323b09b-eb8a-45ec-9188-82e1006cab5b 101
4 22 2 eaecc794-e7b0-4929-964b-92b8d95c0c9b 102
4 22 3 68e4f84a-a804-4bd3-9145-7f6b0bffc8f7 103
4 22 4 ca3fda65-ff30-4489-8d83-9790fa2f6e17 104
4 22 5 f16a9d94-1642-484c-aadd-bde41c6decb1 105
4 24 1 199bc3b1-57d2-4de9-a0d0-852c3915cc12 106
4 24 2 4c81fbd0-f1b8-4ac0-b439-98d217af5099 107
4 24 3 2f224e7f-1e68-4d05-b3fa-2d010bedcb15 108
4 24 4 94bb06c3-e9a2-4df8-8109-50430f23333f 109
4 24 5 9ae83fa8-fa77-4f89-807f-7887ecd57ec4 110
4 26 1 06b88423-c685-4213-81fe-e0543ad7b070 111
4 26 2 beb627f9-5754-43a4-90a7-4921f8cce89c 112
4 26 3 55d4368d-23ae-4605-b386-3baf41979eaa 113
4 26 4 bb49170d-4f80-44dd-90b9-88a9a6051a15 114
4 26 5 3d156177-39b8-499b-8460-323620b6140f 115
4 28 1 1347cc4f-37f7-4911-828d-5c0b4548901e 116
4 28 2 d87315f6-4ff7-4204-b7f4-6795552db063 117
4 28 3 f6c8690f-cb25-4e61-a630-638537faa3d8 118
4 28 4 9db79cb5-a6c1-4ac6-8840-73cc8602dc99 119
4 28 5 6dd31646-2c87-4fa0-87a8-a7b8a9b098e5 120
4 30 1 ff605d0a-0fa8-4251-bebe-3dd8dea36462 121
4 30 2 e5e81cad-d768-4208-b096-e94a62539c23 122
4 30 3 d6a8de7f-44ec-4c0d-b627-1b24a199eb42 123
4 30 4 7194cdd9-e5ef-409e-9bfa-ab8541ffba65 124
4 30 5 359d2f1e-97a4-413a-b315-272e576b3d91 125
4 32 1 8a9309e7-5ff0-4b62-8cce-a24abf7b5706 126
4 32 2 de37b136-5d11-4715-8705-4234a3f4baf0 127
4 32 3 c8727db3-a632-4fee-ab64-783ba114802b 128
4 32 4 cd75bb9a-041e-455a-83af-e99a6d40b540 129
4 32 5 0a1e935d-5642-479b-b9e8-23a8f909e295 130
4 34 1 d8ffb639-5f25-4719-a4b1-afcfe1e45319 131
4 34 2 1b2efdf0-cccf-4cb2-b8b3-390613321754 132
4 34 3 88f36ddb-c7b2-4899-89cb-bb69d29ad471 133
4 34 4 5b884c54-7086-4cd5-bb2d-d51f6ec4a66b 134
4 34 5 eb05a515-df2b-46a5-a996-d35925f74ad3 135
4 36 1 e315afc4-fb4e-4293-ab79-a0256f721da5 136
4 36 2 d719a736-8508-4707-ba8f-1a08c1af3150 137
4 36 3 d82e3d39-c071-4ce7-a348-1393d6319df5 138
4 36 4 cf78b143-e4b0-4a18-81c8-e25e43509be7 139
4 36 5 4fabff2f-c8dd-4ece-9f93-8d6c3cf0d8e0 140
4 38 1 2c52266c-c396-46b6-aac4-d42bad96dcac 141
4 38 2 5e063718-a8a0-4c98-87c6-427cb9963ed3 142
4 38 3 f7d2c844-c428-41b5-ac65-118f44886919 143
4 38 4 d6e28606-2e1e-4679-8350-2465424e35d1 144
4 38 5 73e465b8-b42a-4ba0-ac0e-1d2d91f2cd3a 145
4 40 1 1882bcd5-d1c8-48c0-9076-932fa38db548 146
4 40 2 d619f2da-6855-4d2d-bb4f-ce105fa847a0 147
4 40 3 82827259-ccf9-48c8-89f1-ecd3c4fac870 148
4 40 4 245ecf87-caff-4807-9793-55b21b609eed 149
4 40 5 e13b2b20-8e8f-4677-bf26-a1fe96eebcea 150
5 1 0 b03c120c-9d7a-4aac-ba9e-429e4908a11c 151
5 2 0 36c4ad91-79b2-4d4b-8a04-f01974c7dbc9 152
5 3 0 3566cb9c-b658-4826-941c-1b1f41b1400b 153
5 4 0 8a2c7b17-64a2-489b-9f82-98a733f91442 154
5 5 0 5b4aa0ef-e869-4e7e-ac12-bb03db43eb9b 155
5 6 0 69f311b7-98d3-48c7-9b19-62b2582cdb0f 156
5 7 0 967748f6-6308-40ad-9f64-bab9862077c2 157
5 8 0 4e8d7c27-7f2d-464c-9d8b-d62c5e9518a4 158
5 9 0 e41bc030-724e-47a3-b6d5-cb3b9e8dfedb 159
5 10 0 d112f149-e135-47cc-98e8-2e39a392b545 160
5 11 0 61ad920c-da0a-45cc-8b6e-1de670346e82 161
5 12 0 6c206e61-ebc5-4623-b6ab-92c058fabaae 162
5 13 0 f568cfb4-17b8-4e2f-b628-9b353c9106b5 163
5 14 0 2596fcd8-ec4c-4971-9ea9-5f5517d3cd59 164
5 15 0 156f20f7-90d3-4cc4-9780-eb49d010e261 165
5 16 0 86ffd6a8-aa11-4dd9-9ab8-c475bb047966 166
5 17 0 dce73f51-0193-4434-ae6f-fbfda6bd74cf 167
5 18 0 cfca7081-dbd9-4135-b4e6-7369ec60918c 168
5 19 0 10371547-cccb-4b58-8818-44eeb543de99 169
5 20 0 898f0e1d-f01e-4e65-8830-3489b6fed292 170
5 21 0 0e43b2cc-cf8d-4a68-a34c-abb88e3d6b2b 171
5 22 0 abeb3e77-da1d-46ee-aa8d-a88b66584bb1 172
5 23 0 af008117-8237-4c46-ab8f-3f8a4da4a6ec 173
5 24 0 987114f4-70bf-451a-9407-e8fdc2ea02ed 174
5 25 0 34210b95-63c6-46d4-a8e2-6a2a1844eebc 175
5 26 0 9e17df53-43a1-4bfc-bca9-75f38f29b480 176
5 27 0 ab206d0e-2ecc-42a6-a9cb-e148e4b9b126 177
5 28 0 d1b5bcda-69b4-430e-b53d-5aef5c72de1e 178
5 29 0 81a56f77-66ba-4275-bbcd-3ef8fcef68e8 179
5 30 0 90da960d-3ff7-40bd-a3a3-a19778456e71 180
5 31 0 f0ada1c8-b652-4be2-82e3-a10c4d4a81d9 181
5 32 0 4c15bc90-820a-4a2c-a0ac-4e04997dc61d 182
5 33 0 fdac8651-bb75-4400-bbc9-a28b65a23fe4 183
5 34 0 02362cb4-e4b0-42e1-8fa4-b27de00d854d 184
5 5 1 634bce18-75fc-4bc3-9700-21838cdc4239 185
5 5 2 1eb4d24f-8999-4d3e-a8b8-e8fd7523e9de 186
5 5 3 6a3c8e5f-7985-4e11-886a-28a9aeeb7d3e 187
5 5 4 d66c8687-400e-4404-82fe-313432ffeeb4 188
5 5 5 0317b7ad-6922-4d75-ab50-f13fb1d1b98b 189
5 7 1 2f2ddd9f-2ba2-4829-a637-dd910dbe40f6 190
5 7 2 4d137f41-744e-4df2-be6f-18b3f4e30e41 191
5 7 3 87ebf799-b47c-474e-88e1-d4430c49a2f4 192
5 7 4 eff2e90f-2bca-4fbb-a370-b0a5e961fed0 193
5 7 5 9feaaa3e-4acd-44ca-a20a-74c95b160874 194
5 9 1 5af428e4-f1bb-4cf4-94d5-83681960b8bf 195
5 9 2 def275ae-ff00-4be6-b784-b0fce4586ba4 196
5 9 3 4d57da45-3b3d-4507-b8f9-4cf951c9c29e 197
5 9 4 e8a32083-490f-41a4-9a66-8be4ae5a4923 198
5 9 5 7bf8c57c-10ee-4e36-acc0-b2741fbcf42a 199
5 11 1 de853fc7-868a-4c3c-873f-7a0edc76adf3 200
5 11 2 237dee15-09e6-4947-90cd-ae168219728b 201
5 11 3 42035a8d-cd05-4933-9d02-adbe412fa75f 202
5 11 4 2912b09a-e2e6-4d11-995b-ecceffdbd46c 203
5 11 5 aee294bf-a09f-4eae-8b49-8571bb777386 204
5 13 1 9d89dbad-8165-49ba-a536-31907108e11f 205
5 13 2 436d16c9-823f-4a18-8589-5a8649c28ffd 206
5 13 3 405575ff-bd81-4c8c-95c7-64100c010015 207
5 13 4 07ae5564-0fc2-4b27-84ff-338f9dbd3973 208
5 13 5 ea770705-8167-4e0c-bbe0-06fce9381179 209
5 15 1 a05fe15a-ca57-459e-8def-1f0d16a06160 210
5 15 2 f569ca87-c478-41be-a76e-8e6b615b56eb 211
5 15 3 2a08089e-c88f-4ca6-894d-3142f118a1f5 212
5 15 4 a857d12c-beea-4bef-906e-962bc551d487 213
5 15 5 c442fa2c-9dcb-4515-95df-171de2a6fba5 214
5 17 1 b26f8f32-80fa-41c0-a0d3-55f956bf676a 215
5 17 2 a5a47dae-0bfe-4db7-a597-a446a74d4b23 216
5 17 3 9eb9f176-f8fb-469b-b024-dd9cdabccce6 217
5 17 4 10e8fc28-8cd6-4c3e-a11c-316a6d0a53b7 218
5 17 5 41621400-07fb-4837-a682-b01693af7c68 219
5 19 1 7e4a448d-c973-406b-ad25-ec2ec8602e98 220
5 19 2 f90fbec8-c51c-4a73-bd14-9c206b19e05e 221
5 19 3 987e6cf9-ba2b-4fd7-8d26-2aaededf6e7d 222
5 19 4 8d02d633-d46b-49b7-ae7e-829f60d2900a 223
5 19 5 c6123f77-dc6c-402b-a8ee-c3955ac7fb12 224
5 21 1 bd139ee9-ef75-43c1-9b39-208ac083068e 225
5 21 2 4e1d27c0-117f-4ea9-860f-e1a9d331bda2 226
5 21 3 7ea7d3de-9632-4406-a186-445869719b0b 227
5 21 4 3dcc2691-4c28-44a9-a59d-9f3d050c261c 228
5 21 5 7393992b-345c-4930-a09c-564dc8623193 229
5 23 1 6c99f86d-7977-487d-9dad-d8bf3221c331 230
5 23 2 93c8d4b6-2777-4b8a-a808-3c443004d797 231
5 23 3 0e349274-7d56-4d21-8c32-14b4a63a3b4a 232
5 23 4 aa09b6cc-00ab-4e95-bb24-8c0f3ea478ff 233
5 23 5 54b491da-1a1f-4268-8afe-3a90e8aadc59 234
5 25 1 7531879a-29de-43d6-815f-4cee78f7506a 235
5 25 2 217fc185-4f4b-4a8c-80d7-50fe1271dd00 236
5 25 3 95c21c16-3e7e-440f-a70e-949fd60dfe48 237
5 25 4 42781d6b-0f91-48fa-a886-648cd4a29e2f 238
5 25 5 bcd7ae18-7358-4852-b7fb-29c0bfdd4689 239
5 27 1 df30548a-ad68-45cd-a015-da0422f5b0d3 240
5 27 2 40e5992b-643d-4477-a9df-57499900ec49 241
5 27 3 d9a73fb8-710f-41de-a2f2-c74fc5886269 242
5 27 4 07aa7953-6775-4717-aca7-cbcde2f879b6 243
5 27 5 edfdeefc-98a4-4ec6-95fa-32a7a33d64ac 244
5 29 1 4101a4c0-062c-4a5b-9436-0621aab451d0 245
5 29 2 d2ffd609-35ba-4367-a5fc-0ea2816bc2aa 246
5 29 3 d58f625b-3208-41eb-a325-9fcfce11f6d7 247
5 29 4 70cd0d2c-9f5e-4a4c-82dd-fb39ebb7a14b 248
5 29 5 cdbf8905-3807-423d-bbf6-c8b132829d81 249
5 31 1 db5becd3-a8c4-4c85-9111-b6534afeba28 250
5 31 2 a3aa2b16-d8aa-45d5-a482-1af4402670b5 251
5 31 3 b2ba8958-8d7f-46aa-9a7c-aed1898d9247 252
5 31 4 7b9968b9-afb1-4de5-9679-95810795792c 253
5 31 5 c237073f-0d22-4289-9a83-75a5f479eec8 254
6 1 0 a4602927-9f11-4a07-95b6-17d13a0c053d 255
6 2 0 10afc303-7444-4e68-8cd8-5b0d1d515911 256
6 3 0 a2b136fc-55de-4c7e-89d6-5571483a67d9 257
6 4 0 03dfe49f-5665-4702-815d-fdfe920ebd65 258
6 5 0 6e57c9cb-db3b-4f1a-9d16-f9f378271e40 259
6 6 0 e343a959-a338-4835-886d-60867f506d22 260
6 7 0 f4f051b8-b58d-497a-a8c1-310dcc7063c5 261
6 8 0 abdb2eb6-53d4-4019-a252-85b2bbd6a92d 262
6 9 0 1411242e-d9ee-426b-b09b-3e4df2803776 263
6 10 0 003ab878-ad72-4461-be02-5db368ac8410 264
6 11 0 1f3f3b68-c2bb-4d25-9538-f590821a7c15 265
7 1 0 955f98b7-83bf-485c-a7df-2af051b1feca 266
7 2 0 efd85e1b-3fab-4e58-b34e-112a234b7736 267
7 3 0 959ecef8-4fd4-40aa-b3b3-8bde547f026c 268
7 4 0 c42a7a7e-0668-4792-b1d4-64c7875251ee 269
7 5 0 332489b9-65d9-40c0-9c8c-fe4554e93c56 270
7 6 0 4c33a0e1-38d6-4ab6-a880-ee7975e9e15e 271
7 7 0 19337c0e-443c-4e4f-915f-79a9b4c99402 272
7 8 0 cbc36c56-b2dd-49f1-b78f-7268526569bb 273
7 2 1 58734fde-9bc5-45ff-a3a7-8063ca6a267c 274
7 4 1 99089ea5-34e8-4cb1-a723-d7aa24938f84 275
7 6 1 80063030-fd64-4942-800c-3a1c99a6fe2b 276
