11.0978 -49.2353 1 1 0 0
11.0978 -47.9809 1 2 0 1
11.9132 -49.2353 1 1 1 2
13.1216 -49.2434 1 1 2 3
14.4775 -49.2353 1 1 3 4
11.9132 -47.9809 1 2 1 5
13.1216 -47.9776 1 2 2 6
14.4775 -47.9776 1 2 3 7
12.2597 -30.1572 2 1 0 8
28.5396 -34.7292 2 2 0 9
30.0586 -34.7292 2 3 0 10
30.1609 -35.6662 2 4 0 11
29.7100 -29.9635 2 5 0 12
31.3209 -35.6662 2 6 0 13
31.3209 -33.4205 2 7 0 14
31.3209 -32.0204 2 8 0 15
33.5080 -29.9532 2 9 0 16
38.0394 -30.0120 2 10 0 17
30.1609 -36.6648 2 4 1 18
30.1287 -37.9638 2 4 2 19
31.3219 -36.5360 2 6 1 20
31.3209 -37.8421 2 6 2 21
39.6508 -27.4033 3 1 0 22
39.4671 -2.0007 3 2 0 23
39.4405 2.5490 3 3 0 24
39.4422 12.7449 3 4 0 25
39.4335 16.5135 3 5 0 26
39.3979 20.0082 3 6 0 27
39.3979 23.7830 3 7 0 28
39.3979 26.4533 3 8 0 29
39.3979 27.9736 3 9 0 30
40.3953 18.4334 3 10 0 31
40.3953 25.0050 3 11 0 32
41.1155 18.4334 3 10 1 33
41.1956 25.0050 3 11 1 34
11.9299 16.0290 4 1 0 35
12.6544 16.0290 4 2 0 36
13.7247 14.6466 4 3 0 37
13.7247 16.0290 4 4 0 38
14.8129 14.6531 4 5 0 39
14.8129 16.0290 4 6 0 40
15.7294 14.6531 4 7 0 41
15.7294 16.0290 4 8 0 42
16.9839 16.0320 4 9 0 43
17.9593 15.3073 4 10 0 44
18.2174 18.4723 4 11 0 45
18.8522 14.5061 4 12 0 46
19.5587 14.4756 4 13 0 47
19.5587 15.6133 4 14 0 48
20.6725 14.4756 4 15 0 49
20.6725 15.6133 4 16 0 50
21.8389 14.4756 4 17 0 51
21.8389 15.6133 4 18 0 52
23.0204 14.4756 4 19 0 53
23.0204 15.6133 4 20 0 54
24.1490 14.4756 4 21 0 55
24.1490 15.6133 4 22 0 56
25.2869 14.4756 4 23 0 57
25.2869 15.6133 4 24 0 58
26.4483 14.5061 4 25 0 59
26.4483 15.6133 4 26 0 60
27.6251 14.4756 4 27 0 61
27.6341 15.7552 4 28 0 62
28.7559 14.4756 4 29 0 63
28.7669 15.7552 4 30 0 64
29.9364 14.4756 4 31 0 65
29.9269 15.7639 4 32 0 66
31.0593 14.4756 4 33 0 67
31.0704 15.7639 4 34 0 68
32.2179 14.4756 4 35 0 69
32.2289 15.7639 4 36 0 70
33.3797 14.4756 4 37 0 71
33.3908 15.7552 4 38 0 72
34.5616 14.4756 4 39 0 73
34.5726 15.7552 4 40 0 74
35.6095 14.4756 4 41 0 75
37.3087 14.4756 4 42 0 76
13.6926 13.9594 4 3 1 77
14.7807 13.9659 4 5 1 78
15.7294 13.9630 4 7 1 79
19.5587 16.4358 4 14 1 80
19.5476 17.6684 4 14 2 81
19.5476 19.0248 4 14 3 82
19.5506 20.3338 4 14 4 83
19.5476 21.5427 4 14 5 84
20.6725 16.4358 4 16 1 85
20.6614 17.6684 4 16 2 86
20.6614 19.0248 4 16 3 87
20.6614 20.3338 4 16 4 88
20.7041 21.5427 4 16 5 89
21.8389 16.4358 4 18 1 90
21.8279 17.6684 4 18 2 91
21.8279 19.0248 4 18 3 92
21.8279 20.3338 4 18 4 93
21.8279 21.5427 4 18 5 94
23.0204 16.4358 4 20 1 95
23.0094 17.6684 4 20 2 96
23.0094 19.0248 4 20 3 97
23.0094 20.3338 4 20 4 98
23.0094 21.5427 4 20 5 99
24.1490 16.4358 4 22 1 100
24.1380 17.6684 4 22 2 101
24.1380 19.0248 4 22 3 102
24.1380 20.3338 4 22 4 103
24.1380 21.5427 4 22 5 104
25.2869 16.4358 4 24 1 105
25.2759 17.6684 4 24 2 106
25.2759 19.0248 4 24 3 107
25.2759 20.3338 4 24 4 108
25.2759 21.5427 4 24 5 109
26.4483 16.4358 4 26 1 110
26.4373 17.6684 4 26 2 111
26.4373 19.0248 4 26 3 112
26.4373 20.3338 4 26 4 113
26.4373 21.5427 4 26 5 114
27.6362 16.4982 4 28 1 115
27.6251 17.8238 4 28 2 116
27.6251 19.0791 4 28 3 117
27.6251 20.4073 4 28 4 118
27.6158 21.7372 4 28 5 119
28.7669 16.5049 4 30 1 120
28.7559 17.8238 4 30 2 121
28.7458 19.0841 4 30 3 122
28.7508 20.4029 4 30 4 123
28.7306 21.7372 4 30 5 124
29.9475 16.5081 4 32 1 125
29.9337 17.8245 4 32 2 126
29.9332 19.0870 4 32 3 127
29.9144 20.4048 4 32 4 128
29.9035 21.7328 4 32 5 129
31.0704 16.5093 4 34 1 130
31.0593 17.8307 4 34 2 131
31.0455 19.1050 4 34 3 132
31.0455 20.4122 4 34 4 133
31.0318 21.7317 4 34 5 134
32.2339 16.5224 4 36 1 135
32.2228 17.8658 4 36 2 136
32.1882 19.1252 4 36 3 137
32.1931 20.4311 4 36 4 138
32.1877 21.7519 4 36 5 139
33.3855 16.5410 4 38 1 140
33.3580 17.8401 4 38 2 141
33.3449 19.1309 4 38 3 142
33.3307 20.4280 4 38 4 143
33.3395 21.7562 4 38 5 144
34.5631 16.5445 4 40 1 145
34.5424 17.8479 4 40 2 146
34.5181 19.1400 4 40 3 147
34.5118 20.4319 4 40 4 148
34.5311 21.7667 4 40 5 149
11.5969 29.7749 5 1 0 150
16.6188 29.7749 5 2 0 151
18.1674 28.7004 5 3 0 152
18.1674 29.7749 5 4 0 153
19.4870 28.6872 5 5 0 154
19.4982 29.7749 5 6 0 155
20.6261 28.6872 5 7 0 156
20.6373 29.7749 5 8 0 157
21.7523 28.6872 5 9 0 158
21.7635 29.7749 5 10 0 159
22.9220 28.6872 5 11 0 160
22.9332 29.7749 5 12 0 161
24.0726 28.6872 5 13 0 162
24.0838 29.7749 5 14 0 163
25.2207 28.6872 5 15 0 164
25.2319 29.7749 5 16 0 165
26.3759 28.6872 5 17 0 166
26.3930 29.7749 5 18 0 167
27.5261 28.6872 5 19 0 168
27.5373 29.7749 5 20 0 169
28.6681 28.6872 5 21 0 170
28.6793 29.7749 5 22 0 171
29.8263 28.6872 5 23 0 172
29.8334 29.7749 5 24 0 173
30.9570 28.6872 5 25 0 174
30.9682 29.7749 5 26 0 175
32.1237 28.6872 5 27 0 176
32.1210 29.7749 5 28 0 177
33.2502 28.6872 5 29 0 178
33.2614 29.7749 5 30 0 179
34.4504 28.6872 5 31 0 180
34.4616 29.7749 5 32 0 181
35.4368 29.7749 5 33 0 182
37.5016 29.7749 5 34 0 183
19.4870 27.9530 5 5 1 184
19.4968 26.8245 5 5 2 185
19.4968 25.5092 5 5 3 186
19.4968 24.2480 5 5 4 187
19.4968 22.9231 5 5 5 188
20.6261 27.9530 5 7 1 189
20.6360 26.8089 5 7 2 190
20.6360 25.5005 5 7 3 191
20.6360 24.2324 5 7 4 192
20.6360 22.9075 5 7 5 193
21.7523 27.9530 5 9 1 194
21.7622 26.8003 5 9 2 195
21.7622 25.5005 5 9 3 196
21.7622 24.2411 5 9 4 197
21.7622 22.9093 5 9 5 198
22.9220 27.9530 5 11 1 199
22.9319 26.8003 5 11 2 200
22.9319 25.4849 5 11 3 201
22.9319 24.2480 5 11 4 202
22.9319 22.9137 5 11 5 203
24.0726 27.9530 5 13 1 204
24.0824 26.8003 5 13 2 205
24.0824 25.4849 5 13 3 206
24.0824 24.2411 5 13 4 207
24.0824 22.9231 5 13 5 208
25.2207 27.9530 5 15 1 209
25.2306 26.8003 5 15 2 210
25.2306 25.4849 5 15 3 211
25.2306 24.2480 5 15 4 212
25.2306 22.9075 5 15 5 213
26.3818 27.9530 5 17 1 214
26.3858 26.8003 5 17 2 215
26.3917 25.4849 5 17 3 216
26.3917 24.2411 5 17 4 217
26.3917 22.9093 5 17 5 218
27.5261 27.9343 5 19 1 219
27.5437 26.7302 5 19 2 220
27.5589 25.4041 5 19 3 221
27.5659 24.1039 5 19 4 222
27.5718 22.8295 5 19 5 223
28.6684 27.9424 5 21 1 224
28.6780 26.7490 5 21 2 225
28.6878 25.4228 5 21 3 226
28.6984 24.1158 5 21 4 227
28.6905 22.8104 5 21 5 228
29.8235 27.9409 5 23 1 229
29.8494 26.7651 5 23 2 230
29.8362 25.4329 5 23 3 231
29.8466 24.1335 5 23 4 232
29.8543 22.8501 5 23 5 233
30.9570 27.9409 5 25 1 234
30.9805 26.7583 5 25 2 235
31.0007 25.4490 5 25 3 236
31.0007 24.1335 5 25 4 237
31.0007 22.8501 5 25 5 238
32.1098 27.9343 5 27 1 239
32.1197 26.7748 5 27 2 240
32.1336 25.4559 5 27 3 241
32.1293 24.1447 5 27 4 242
32.1416 22.8608 5 27 5 243
33.2502 27.9474 5 29 1 244
33.2647 26.7735 5 29 2 245
33.2743 25.4708 5 29 3 246
33.2748 24.1543 5 29 4 247
33.3163 22.9075 5 29 5 248
34.4504 27.9658 5 31 1 249
34.4621 26.7689 5 31 2 250
34.4798 25.4619 5 31 3 251
34.4889 24.1680 5 31 4 252
34.5003 22.8790 5 31 5 253
10.0672 -50.5885 6 1 0 254
10.1037 -49.3716 6 2 0 255
10.1037 -46.9440 6 3 0 256
9.9845 -31.9089 6 4 0 257
10.0256 -28.2613 6 5 0 258
9.9846 -9.0206 6 6 0 259
9.9000 -2.3354 6 7 0 260
9.8465 1.9546 6 8 0 261
9.8732 13.8873 6 9 0 262
9.8495 18.4285 6 10 0 263
9.8003 27.8187 6 11 0 264
1.3541 -0.0932 7 1 0 265
1.3342 1.6862 7 2 0 266
2.5469 -0.0944 7 3 0 267
2.5449 1.7150 7 4 0 268
3.7174 -0.0948 7 5 0 269
3.7154 1.7145 7 6 0 270
4.6126 -0.0859 7 7 0 271
8.0777 -0.0750 7 8 0 272
1.3327 2.1662 7 2 1 273
2.5469 2.1829 7 4 1 274
3.7154 2.1871 7 6 1 275
