11.0978 11.0978 0
11.0978 11.0978 1
11.9132 11.9132 2
13.1216 13.1216 3
14.4775 14.4775 4
11.9132 11.9132 5
13.1216 13.1216 6
14.4775 14.4775 7
12.2597 12.2597 8
28.5396 28.5396 9
30.0586 30.0586 10
30.1609 30.1609 11
29.71 29.71 12
31.3209 31.3209 13
31.3209 31.3209 14
31.3209 31.3209 15
33.508 33.508 16
38.0394 38.0394 17
30.1609 30.1609 18
30.1287 30.1287 19
31.3219 31.3219 20
31.3209 31.3209 21
39.6508 39.6508 22
39.4671 39.4671 23
39.4405 39.4405 24
39.4422 39.4422 25
39.4335 39.4335 26
39.3979 39.3979 27
39.3979 39.3979 28
39.3979 39.3979 29
39.3979 39.3979 30
40.3953 40.3953 31
40.3953 40.3953 32
41.1155 41.1155 33
41.1956 41.1956 34
11.9299 11.9299 35
12.6544 12.6544 36
13.7247 13.7247 37
13.7247 13.7247 38
14.8129 14.8129 39
14.8129 14.8129 40
15.7294 15.7294 41
15.7294 15.7294 42
16.9839 16.9839 43
17.9593 17.9593 44
18.2174 18.2174 45
18.8522 18.8522 46
19.5587 19.5587 47
19.5587 19.5587 48
20.6725 20.6725 49
20.6725 20.6725 50
21.8389 21.8389 51
21.8389 21.8389 52
23.0204 23.0204 53
23.0204 23.0204 54
24.149 24.149 55
24.149 24.149 56
25.2869 25.2869 57
25.2869 25.2869 58
26.4483 26.4483 59
26.4483 26.4483 60
27.6251 27.6251 61
27.6341 27.6341 62
28.7559 28.7559 63
28.7669 28.7669 64
29.9364 29.9364 65
29.9269 29.9269 66
31.0593 31.0593 67
31.0704 31.0704 68
32.2179 32.2179 69
32.2289 32.2289 70
33.3797 33.3797 71
33.3908 33.3908 72
34.5616 34.5616 73
34.5726 34.5726 74
35.6095 35.6095 75
37.3087 37.3087 76
13.6926 13.6926 77
14.7807 14.7807 78
15.7294 15.7294 79
19.5587 19.5587 80
19.5476 19.5476 81
19.5476 19.5476 82
19.5506 19.5506 83
19.5476 19.5476 84
20.6725 20.6725 85
20.6614 20.6614 86
20.6614 20.6614 87
20.6614 20.6614 88
20.7041 20.7041 89
21.8389 21.8389 90
21.8279 21.8279 91
21.8279 21.8279 92
21.8279 21.8279 93
21.8279 21.8279 94
23.0204 23.0204 95
23.0094 23.0094 96
23.0094 23.0094 97
23.0094 23.0094 98
23.0094 23.0094 99
24.149 24.149 100
24.138 24.138 101
24.138 24.138 102
24.138 24.138 103
24.138 24.138 104
25.2869 25.2869 105
25.2759 25.2759 106
25.2759 25.2759 107
25.2759 25.2759 108
25.2759 25.2759 109
26.4483 26.4483 110
26.4373 26.4373 111
26.4373 26.4373 112
26.4373 26.4373 113
26.4373 26.4373 114
27.6362 27.6362 115
27.6251 27.6251 116
27.6251 27.6251 117
27.6251 27.6251 118
27.6158 27.6158 119
28.7669 28.7669 120
28.7559 28.7559 121
28.7458 28.7458 122
28.7508 28.7508 123
28.7306 28.7306 124
29.9475 29.9475 125
29.9337 29.9337 126
29.9332 29.9332 127
29.9144 29.9144 128
29.9035 29.9035 129
31.0704 31.0704 130
31.0593 31.0593 131
31.0455 31.0455 132
31.0455 31.0455 133
31.0318 31.0318 134
32.2339 32.2339 135
32.2228 32.2228 136
32.1882 32.1882 137
32.1931 32.1931 138
32.1877 32.1877 139
33.3855 33.3855 140
33.358 33.358 141
33.3449 33.3449 142
33.3307 33.3307 143
33.3395 33.3395 144
34.5631 34.5631 145
34.5424 34.5424 146
34.5181 34.5181 147
34.5118 34.5118 148
34.5311 34.5311 149
11.5969 11.5969 150
16.6188 16.6188 151
18.1674 18.1674 152
18.1674 18.1674 153
19.487 19.487 154
19.4982 19.4982 155
20.6261 20.6261 156
20.6373 20.6373 157
21.7523 21.7523 158
21.7635 21.7635 159
22.922 22.922 160
22.9332 22.9332 161
24.0726 24.0726 162
24.0838 24.0838 163
25.2207 25.2207 164
25.2319 25.2319 165
26.3759 26.3759 166
26.393 26.393 167
27.5261 27.5261 168
27.5373 27.5373 169
28.6681 28.6681 170
28.6793 28.6793 171
29.8263 29.8263 172
29.8334 29.8334 173
30.957 30.957 174
30.9682 30.9682 175
32.1237 32.1237 176
32.121 32.121 177
33.2502 33.2502 178
33.2614 33.2614 179
34.4504 34.4504 180
34.4616 34.4616 181
35.4368 35.4368 182
37.5016 37.5016 183
19.487 19.487 184
19.4968 19.4968 185
19.4968 19.4968 186
19.4968 19.4968 187
19.4968 19.4968 188
20.6261 20.6261 189
20.636 20.636 190
20.636 20.636 191
20.636 20.636 192
20.636 20.636 193
21.7523 21.7523 194
21.7622 21.7622 195
21.7622 21.7622 196
21.7622 21.7622 197
21.7622 21.7622 198
22.922 22.922 199
22.9319 22.9319 200
22.9319 22.9319 201
22.9319 22.9319 202
22.9319 22.9319 203
24.0726 24.0726 204
24.0824 24.0824 205
24.0824 24.0824 206
24.0824 24.0824 207
24.0824 24.0824 208
25.2207 25.2207 209
25.2306 25.2306 210
25.2306 25.2306 211
25.2306 25.2306 212
25.2306 25.2306 213
26.3818 26.3818 214
26.3858 26.3858 215
26.3917 26.3917 216
26.3917 26.3917 217
26.3917 26.3917 218
27.5261 27.5261 219
27.5437 27.5437 220
27.5589 27.5589 221
27.5659 27.5659 222
27.5718 27.5718 223
28.6684 28.6684 224
28.678 28.678 225
28.6878 28.6878 226
28.6984 28.6984 227
28.6905 28.6905 228
29.8235 29.8235 229
29.8494 29.8494 230
29.8362 29.8362 231
29.8466 29.8466 232
29.8543 29.8543 233
30.957 30.957 234
30.9805 30.9805 235
31.0007 31.0007 236
31.0007 31.0007 237
31.0007 31.0007 238
32.1098 32.1098 239
32.1197 32.1197 240
32.1336 32.1336 241
32.1293 32.1293 242
32.1416 32.1416 243
33.2502 33.2502 244
33.2647 33.2647 245
33.2743 33.2743 246
33.2748 33.2748 247
33.3163 33.3163 248
34.4504 34.4504 249
34.4621 34.4621 250
34.4798 34.4798 251
34.4889 34.4889 252
34.5003 34.5003 253
10.0672 10.0672 254
10.1037 10.1037 255
10.1037 10.1037 256
9.98452 9.98452 257
10.0256 10.0256 258
9.98462 9.98462 259
9.90001 9.90001 260
9.84652 9.84652 261
9.87324 9.87324 262
9.84946 9.84946 263
9.80029 9.80029 264
1.35413 1.35413 265
1.33416 1.33416 266
2.54687 2.54687 267
2.54486 2.54486 268
3.71741 3.71741 269
3.7154 3.7154 270
4.6126 4.6126 271
8.0777 8.0777 272
1.33271 1.33271 273
2.54687 2.54687 274
3.7154 3.7154 275
